================================ Mean ================================
unacc	 [1.95843724 1.93682461 1.45469659 0.78886118 0.93100582]
acc	 [1.64190981 1.5729443  1.59151194 1.49071618 1.10344828]
good	 [0.37704918 0.3442623  1.60655738 1.45901639 1.03278689]
vgood	 [0.44067797 0.84745763 1.77966102 1.50847458 1.61016949]


============================== Cov Matrix ==============================
unacc
 [[ 2.2545107   0.08888621  0.01725027  0.13763982  0.01210507]
 [ 0.08888621  2.2905147   0.01959812  0.12641718  0.0197641 ]
 [ 0.01725027  0.01959812  1.2697845  -0.04285114  0.0222461 ]
 [ 0.13763982  0.12641718 -0.04285114  0.69914371 -0.05700875]
 [ 0.01210507  0.0197641   0.0222461  -0.05700875  0.67327245]]
acc
 [[ 1.81557932 -0.96982053  0.05546306  0.0086348   0.17809978]
 [-0.96982053  1.79320221  0.01657825  0.01597156  0.09482759]
 [ 0.05546306  0.01657825  1.19439585  0.02811248 -0.07199193]
 [ 0.0086348   0.01597156  0.02811248  0.25057848  0.02356933]
 [ 0.17809978  0.09482759 -0.07199193  0.02356933  0.64086574]]
good
 [[ 0.23879781 -0.13196721 -0.01584699  0.00737705  0.00409836]
 [-0.13196721  0.2295082  -0.02896175 -0.01065574  0.02185792]
 [-0.01584699 -0.02896175  1.14262295 -0.01639344 -0.07021858]
 [ 0.00737705 -0.01065574 -0.01639344  0.25245902  0.01803279]
 [ 0.00409836  0.02185792 -0.07021858  0.01803279  0.66557377]]
vgood
 [[ 0.25073057 -0.15575687 -0.00467563  0.01344243  0.00233781]
 [-0.15575687  0.57977791 -0.01694915  0.00993571  0.00847458]
 [-0.00467563 -0.01694915  1.07130333 -0.05844535 -0.15634132]
 [ 0.01344243  0.00993571 -0.05844535  0.25423729 -0.02250146]
 [ 0.00233781  0.00847458 -0.15634132 -0.02250146  0.24196376]]